(kicad_pcb (version 20171130) (host pcbnew "(5.1.5)-3")

  (general
    (thickness 1.6)
    (drawings 119)
    (tracks 560)
    (zones 0)
    (modules 86)
    (nets 112)
  )

  (page A3)
  (layers
    (0 F.Cu signal)
    (31 B.Cu signal)
    (32 B.Adhes user)
    (33 F.Adhes user)
    (34 B.Paste user)
    (35 F.Paste user)
    (36 B.SilkS user)
    (37 F.SilkS user)
    (38 B.Mask user)
    (39 F.Mask user)
    (40 Dwgs.User user)
    (41 Cmts.User user)
    (42 Eco1.User user)
    (43 Eco2.User user)
    (44 Edge.Cuts user)
    (45 Margin user)
    (46 B.CrtYd user)
    (47 F.CrtYd user)
    (48 B.Fab user)
    (49 F.Fab user)
  )

  (setup
    (last_trace_width 0.25)
    (trace_clearance 0.2)
    (zone_clearance 0.2)
    (zone_45_only no)
    (trace_min 0.2)
    (via_size 0.8)
    (via_drill 0.4)
    (via_min_size 0.4)
    (via_min_drill 0.3)
    (uvia_size 0.3)
    (uvia_drill 0.1)
    (uvias_allowed no)
    (uvia_min_size 0.2)
    (uvia_min_drill 0.1)
    (edge_width 0.05)
    (segment_width 0.2)
    (pcb_text_width 0.3)
    (pcb_text_size 1.5 1.5)
    (mod_edge_width 0.12)
    (mod_text_size 1 1)
    (mod_text_width 0.15)
    (pad_size 1.524 1.524)
    (pad_drill 0.762)
    (pad_to_mask_clearance 0.051)
    (solder_mask_min_width 0.25)
    (aux_axis_origin 0 0)
    (grid_origin 209.94 150.4)
    (visible_elements 7FFFFFFF)
    (pcbplotparams
      (layerselection 0x010fc_ffffffff)
      (usegerberextensions false)
      (usegerberattributes false)
      (usegerberadvancedattributes false)
      (creategerberjobfile false)
      (excludeedgelayer true)
      (linewidth 0.100000)
      (plotframeref false)
      (viasonmask false)
      (mode 1)
      (useauxorigin false)
      (hpglpennumber 1)
      (hpglpenspeed 20)
      (hpglpendiameter 15.000000)
      (psnegative false)
      (psa4output false)
      (plotreference true)
      (plotvalue true)
      (plotinvisibletext false)
      (padsonsilk false)
      (subtractmaskfromsilk false)
      (outputformat 1)
      (mirror false)
      (drillshape 0)
      (scaleselection 1)
      (outputdirectory "../../../TBZ/Onedrive/OneDrive - TBZ/Swissskills/Homework/Gerber/"))
  )

  (net 0 "")
  (net 1 GND)
  (net 2 3.3V)
  (net 3 Int_SW)
  (net 4 "Net-(C4-Pad1)")
  (net 5 5V)
  (net 6 "Net-(JP1-Pad3)")
  (net 7 "Net-(JP1-Pad1)")
  (net 8 VALS)
  (net 9 "Net-(R2-Pad2)")
  (net 10 SDA)
  (net 11 SCl)
  (net 12 "Net-(R6-Pad2)")
  (net 13 "Net-(R6-Pad1)")
  (net 14 "Net-(U3-Pad13)")
  (net 15 Int_1)
  (net 16 Int_2)
  (net 17 "Net-(U3-Pad15)")
  (net 18 "Net-(U3-Pad16)")
  (net 19 MOSI)
  (net 20 "Net-(U4-Pad1)")
  (net 21 "Net-(U5-Pad61)")
  (net 22 "Net-(U5-Pad60)")
  (net 23 "Net-(U5-Pad53)")
  (net 24 "Net-(U5-Pad52)")
  (net 25 "Net-(U5-Pad51)")
  (net 26 "Net-(U5-Pad50)")
  (net 27 "Net-(U5-Pad49)")
  (net 28 "Net-(U5-Pad48)")
  (net 29 "Net-(U5-Pad47)")
  (net 30 "Net-(U5-Pad46)")
  (net 31 "Net-(U5-Pad45)")
  (net 32 "Net-(U5-Pad44)")
  (net 33 "Net-(U5-Pad43)")
  (net 34 "Net-(U5-Pad42)")
  (net 35 "Net-(U5-Pad41)")
  (net 36 "Net-(U5-Pad40)")
  (net 37 "Net-(U5-Pad39)")
  (net 38 "Net-(U5-Pad38)")
  (net 39 "Net-(U5-Pad37)")
  (net 40 "Net-(U5-Pad36)")
  (net 41 "Net-(U5-Pad35)")
  (net 42 "Net-(U5-Pad34)")
  (net 43 "Net-(U5-Pad33)")
  (net 44 "Net-(U5-Pad31)")
  (net 45 "Net-(U5-Pad28)")
  (net 46 "Net-(U5-Pad27)")
  (net 47 "Net-(U5-Pad26)")
  (net 48 "Net-(U5-Pad25)")
  (net 49 "Net-(U5-Pad24)")
  (net 50 "Net-(U5-Pad23)")
  (net 51 "Net-(U5-Pad22)")
  (net 52 "Net-(U5-Pad21)")
  (net 53 "Net-(U5-Pad20)")
  (net 54 "Net-(U5-Pad19)")
  (net 55 "Net-(U5-Pad18)")
  (net 56 "Net-(U5-Pad17)")
  (net 57 "Net-(U5-Pad16)")
  (net 58 "Net-(U5-Pad12)")
  (net 59 "Net-(U5-Pad11)")
  (net 60 "Net-(U5-Pad10)")
  (net 61 "Net-(U5-Pad9)")
  (net 62 "Net-(U5-Pad8)")
  (net 63 "Net-(U6-Pad1)")
  (net 64 "Net-(U7-Pad1)")
  (net 65 "Net-(U29-Pad1)")
  (net 66 "Net-(U10-Pad3)")
  (net 67 "Net-(U10-Pad1)")
  (net 68 "Net-(U11-Pad1)")
  (net 69 "Net-(U12-Pad1)")
  (net 70 "Net-(U13-Pad1)")
  (net 71 "Net-(U14-Pad1)")
  (net 72 "Net-(U15-Pad1)")
  (net 73 "Net-(U16-Pad1)")
  (net 74 "Net-(U17-Pad1)")
  (net 75 "Net-(U18-Pad1)")
  (net 76 "Net-(U19-Pad1)")
  (net 77 "Net-(U20-Pad1)")
  (net 78 "Net-(U21-Pad1)")
  (net 79 "Net-(U22-Pad1)")
  (net 80 "Net-(U23-Pad1)")
  (net 81 "Net-(U24-Pad1)")
  (net 82 "Net-(U25-Pad1)")
  (net 83 "Net-(U26-Pad1)")
  (net 84 "Net-(U27-Pad1)")
  (net 85 "Net-(U28-Pad1)")
  (net 86 "Net-(U35-Pad1)")
  (net 87 "Net-(U2-Pad8)")
  (net 88 "Net-(U8-Pad1)")
  (net 89 "Net-(U30-Pad1)")
  (net 90 "Net-(U31-Pad1)")
  (net 91 "Net-(U32-Pad1)")
  (net 92 "Net-(U33-Pad1)")
  (net 93 "Net-(U34-Pad1)")
  (net 94 "Net-(U3-Pad8)")
  (net 95 "Net-(U3-Pad3)")
  (net 96 "Net-(C41-Pad2)")
  (net 97 "Net-(U5-Pad6)")
  (net 98 "Net-(U5-Pad5)")
  (net 99 "Net-(U5-Pad4)")
  (net 100 "Net-(U5-Pad3)")
  (net 101 "Net-(U5-Pad2)")
  (net 102 "Net-(P1-Pad1)")
  (net 103 "Net-(P1-Pad3)")
  (net 104 "Net-(P1-Pad5)")
  (net 105 "Net-(P1-Pad6)")
  (net 106 "Net-(P1-Pad7)")
  (net 107 "Net-(P1-Pad8)")
  (net 108 "Net-(P1-Pad10)")
  (net 109 "Net-(P1-Pad12)")
  (net 110 "Net-(P1-Pad13)")
  (net 111 "Net-(P1-Pad14)")

  (net_class Default "Dies ist die voreingestellte Netzklasse."
    (clearance 0.2)
    (trace_width 0.25)
    (via_dia 0.8)
    (via_drill 0.4)
    (uvia_dia 0.3)
    (uvia_drill 0.1)
    (add_net 3.3V)
    (add_net 5V)
    (add_net GND)
    (add_net Int_1)
    (add_net Int_2)
    (add_net Int_SW)
    (add_net MOSI)
    (add_net "Net-(C4-Pad1)")
    (add_net "Net-(C41-Pad2)")
    (add_net "Net-(JP1-Pad1)")
    (add_net "Net-(JP1-Pad3)")
    (add_net "Net-(P1-Pad1)")
    (add_net "Net-(P1-Pad10)")
    (add_net "Net-(P1-Pad12)")
    (add_net "Net-(P1-Pad13)")
    (add_net "Net-(P1-Pad14)")
    (add_net "Net-(P1-Pad3)")
    (add_net "Net-(P1-Pad5)")
    (add_net "Net-(P1-Pad6)")
    (add_net "Net-(P1-Pad7)")
    (add_net "Net-(P1-Pad8)")
    (add_net "Net-(R2-Pad2)")
    (add_net "Net-(R6-Pad1)")
    (add_net "Net-(R6-Pad2)")
    (add_net "Net-(U10-Pad1)")
    (add_net "Net-(U10-Pad3)")
    (add_net "Net-(U11-Pad1)")
    (add_net "Net-(U12-Pad1)")
    (add_net "Net-(U13-Pad1)")
    (add_net "Net-(U14-Pad1)")
    (add_net "Net-(U15-Pad1)")
    (add_net "Net-(U16-Pad1)")
    (add_net "Net-(U17-Pad1)")
    (add_net "Net-(U18-Pad1)")
    (add_net "Net-(U19-Pad1)")
    (add_net "Net-(U2-Pad8)")
    (add_net "Net-(U20-Pad1)")
    (add_net "Net-(U21-Pad1)")
    (add_net "Net-(U22-Pad1)")
    (add_net "Net-(U23-Pad1)")
    (add_net "Net-(U24-Pad1)")
    (add_net "Net-(U25-Pad1)")
    (add_net "Net-(U26-Pad1)")
    (add_net "Net-(U27-Pad1)")
    (add_net "Net-(U28-Pad1)")
    (add_net "Net-(U29-Pad1)")
    (add_net "Net-(U3-Pad13)")
    (add_net "Net-(U3-Pad15)")
    (add_net "Net-(U3-Pad16)")
    (add_net "Net-(U3-Pad3)")
    (add_net "Net-(U3-Pad8)")
    (add_net "Net-(U30-Pad1)")
    (add_net "Net-(U31-Pad1)")
    (add_net "Net-(U32-Pad1)")
    (add_net "Net-(U33-Pad1)")
    (add_net "Net-(U34-Pad1)")
    (add_net "Net-(U35-Pad1)")
    (add_net "Net-(U4-Pad1)")
    (add_net "Net-(U5-Pad10)")
    (add_net "Net-(U5-Pad11)")
    (add_net "Net-(U5-Pad12)")
    (add_net "Net-(U5-Pad16)")
    (add_net "Net-(U5-Pad17)")
    (add_net "Net-(U5-Pad18)")
    (add_net "Net-(U5-Pad19)")
    (add_net "Net-(U5-Pad2)")
    (add_net "Net-(U5-Pad20)")
    (add_net "Net-(U5-Pad21)")
    (add_net "Net-(U5-Pad22)")
    (add_net "Net-(U5-Pad23)")
    (add_net "Net-(U5-Pad24)")
    (add_net "Net-(U5-Pad25)")
    (add_net "Net-(U5-Pad26)")
    (add_net "Net-(U5-Pad27)")
    (add_net "Net-(U5-Pad28)")
    (add_net "Net-(U5-Pad3)")
    (add_net "Net-(U5-Pad31)")
    (add_net "Net-(U5-Pad33)")
    (add_net "Net-(U5-Pad34)")
    (add_net "Net-(U5-Pad35)")
    (add_net "Net-(U5-Pad36)")
    (add_net "Net-(U5-Pad37)")
    (add_net "Net-(U5-Pad38)")
    (add_net "Net-(U5-Pad39)")
    (add_net "Net-(U5-Pad4)")
    (add_net "Net-(U5-Pad40)")
    (add_net "Net-(U5-Pad41)")
    (add_net "Net-(U5-Pad42)")
    (add_net "Net-(U5-Pad43)")
    (add_net "Net-(U5-Pad44)")
    (add_net "Net-(U5-Pad45)")
    (add_net "Net-(U5-Pad46)")
    (add_net "Net-(U5-Pad47)")
    (add_net "Net-(U5-Pad48)")
    (add_net "Net-(U5-Pad49)")
    (add_net "Net-(U5-Pad5)")
    (add_net "Net-(U5-Pad50)")
    (add_net "Net-(U5-Pad51)")
    (add_net "Net-(U5-Pad52)")
    (add_net "Net-(U5-Pad53)")
    (add_net "Net-(U5-Pad6)")
    (add_net "Net-(U5-Pad60)")
    (add_net "Net-(U5-Pad61)")
    (add_net "Net-(U5-Pad8)")
    (add_net "Net-(U5-Pad9)")
    (add_net "Net-(U6-Pad1)")
    (add_net "Net-(U7-Pad1)")
    (add_net "Net-(U8-Pad1)")
    (add_net SCl)
    (add_net SDA)
    (add_net VALS)
  )

  (module 5-pointed-Star_Footprint:MMA8453Q (layer B.Cu) (tedit 5EAAFAA7) (tstamp 5EA848CC)
    (at 200.44 126.65 270)
    (path /5F1F3BE4)
    (fp_text reference U3 (at 13 17.7 90) (layer B.SilkS)
      (effects (font (size 1 1) (thickness 0.15)) (justify mirror))
    )
    (fp_text value MMA8453Q,3-axis (at 5.7 17.9 90) (layer B.Fab)
      (effects (font (size 1 1) (thickness 0.15)) (justify mirror))
    )
    (fp_line (start 3 0) (end 0 0) (layer B.SilkS) (width 0.12))
    (fp_line (start 3 3) (end 3 0) (layer B.SilkS) (width 0.12))
    (fp_line (start 0 3) (end 3 3) (layer B.SilkS) (width 0.12))
    (fp_line (start 0 0) (end 0 3) (layer B.SilkS) (width 0.12))
    (pad 9 smd rect (at 2.775 0.5 90) (size 0.813 0.3) (layers B.Cu B.Paste B.Mask)
      (net 16 Int_2))
    (pad 10 smd rect (at 2.775 1 90) (size 0.813 0.3) (layers B.Cu B.Paste B.Mask)
      (net 1 GND))
    (pad 11 smd rect (at 2.775 1.5 90) (size 0.813 0.3) (layers B.Cu B.Paste B.Mask)
      (net 15 Int_1))
    (pad 12 smd rect (at 2.775 2 90) (size 0.813 0.3) (layers B.Cu B.Paste B.Mask)
      (net 1 GND))
    (pad 13 smd rect (at 2.775 2.5 90) (size 0.813 0.3) (layers B.Cu B.Paste B.Mask)
      (net 14 "Net-(U3-Pad13)"))
    (pad 8 smd rect (at 2 0.225 180) (size 0.813 0.3) (layers B.Cu B.Paste B.Mask)
      (net 94 "Net-(U3-Pad8)"))
    (pad 7 smd rect (at 1.5 0.225 180) (size 0.813 0.3) (layers B.Cu B.Paste B.Mask)
      (net 1 GND))
    (pad 6 smd rect (at 1 0.225 180) (size 0.813 0.3) (layers B.Cu B.Paste B.Mask)
      (net 10 SDA))
    (pad 14 smd rect (at 2 2.77 180) (size 0.813 0.3) (layers B.Cu B.Paste B.Mask)
      (net 2 3.3V))
    (pad 15 smd rect (at 1.5 2.77 180) (size 0.813 0.3) (layers B.Cu B.Paste B.Mask)
      (net 17 "Net-(U3-Pad15)"))
    (pad 16 smd rect (at 1 2.77 180) (size 0.813 0.3) (layers B.Cu B.Paste B.Mask)
      (net 18 "Net-(U3-Pad16)"))
    (pad 1 smd rect (at 0.22 2.5 270) (size 0.813 0.3) (layers B.Cu B.Paste B.Mask)
      (net 2 3.3V))
    (pad 2 smd rect (at 0.22 2 270) (size 0.813 0.3) (layers B.Cu B.Paste B.Mask)
      (net 4 "Net-(C4-Pad1)"))
    (pad 3 smd rect (at 0.22 1.5 270) (size 0.813 0.3) (layers B.Cu B.Paste B.Mask)
      (net 95 "Net-(U3-Pad3)"))
    (pad 4 smd rect (at 0.22 1 270) (size 0.813 0.3) (layers B.Cu B.Paste B.Mask)
      (net 11 SCl))
    (pad 5 smd rect (at 0.22 0.5) (size 0.3 0.813) (layers B.Cu B.Paste B.Mask)
      (net 1 GND))
  )

  (module 5-pointed-Star_Footprint:JTAG_14 (layer B.Cu) (tedit 5EAAD894) (tstamp 5EA00087)
    (at 229.69 149.5 180)
    (path /5FA8CCD3)
    (fp_text reference P1 (at -5.03 14.24) (layer B.SilkS)
      (effects (font (size 1 1) (thickness 0.15)) (justify mirror))
    )
    (fp_text value JTAG-14 (at -5.55 18.48) (layer B.Fab)
      (effects (font (size 1 1) (thickness 0.15)) (justify mirror))
    )
    (fp_line (start 4.25 -0.25) (end 4.25 0) (layer B.SilkS) (width 0.12))
    (fp_line (start 5.25 -0.25) (end 4.25 -0.25) (layer B.SilkS) (width 0.12))
    (fp_line (start 5.25 12.5) (end 5.25 -0.25) (layer B.SilkS) (width 0.12))
    (fp_line (start 4.75 12.5) (end 5.25 12.5) (layer B.SilkS) (width 0.12))
    (fp_line (start 0.75 -0.25) (end 0.75 0) (layer B.SilkS) (width 0.12))
    (fp_line (start -0.25 -0.25) (end 0.75 -0.25) (layer B.SilkS) (width 0.12))
    (fp_line (start -0.25 12.5) (end -0.25 -0.25) (layer B.SilkS) (width 0.12))
    (fp_line (start 0.25 12.5) (end -0.25 12.5) (layer B.SilkS) (width 0.12))
    (fp_line (start -0.25 18) (end 0.5 18) (layer B.SilkS) (width 0.12))
    (fp_line (start -0.25 17.25) (end -0.25 18) (layer B.SilkS) (width 0.12))
    (fp_line (start 0 18.5) (end -0.75 17.75) (layer B.CrtYd) (width 0.12))
    (fp_line (start 5.75 18.5) (end 0 18.5) (layer B.CrtYd) (width 0.12))
    (fp_line (start 5.75 -0.5) (end 5.75 18.5) (layer B.CrtYd) (width 0.12))
    (fp_line (start -0.75 -0.5) (end 5.75 -0.5) (layer B.CrtYd) (width 0.12))
    (fp_line (start -0.75 17.75) (end -0.75 -0.5) (layer B.CrtYd) (width 0.12))
    (fp_line (start 0 0) (end 5.08 0) (layer B.Fab) (width 0.12))
    (fp_line (start 0 17.81) (end 5.08 17.81) (layer B.Fab) (width 0.12))
    (fp_line (start 5.08 0) (end 5.08 17.78) (layer B.Fab) (width 0.12))
    (fp_line (start 0 0) (end 0 17.78) (layer B.Fab) (width 0.12))
    (fp_text user %R (at 15.35 14.05 90) (layer B.Fab)
      (effects (font (size 0.76 0.76) (thickness 0.114)) (justify mirror))
    )
    (fp_text user REF** (at -4.76 6.23 180) (layer B.SilkS)
      (effects (font (size 1 1) (thickness 0.15)) (justify mirror))
    )
    (pad 8 thru_hole circle (at 3.81 16.51 180) (size 2 2) (drill 1.1) (layers *.Cu *.Mask)
      (net 107 "Net-(P1-Pad8)"))
    (pad 10 thru_hole circle (at 3.81 11.43 180) (size 2 2) (drill 1.1) (layers *.Cu *.Mask)
      (net 108 "Net-(P1-Pad10)"))
    (pad 9 thru_hole circle (at 3.81 13.97 180) (size 2 2) (drill 1.1) (layers *.Cu *.Mask)
      (net 1 GND))
    (pad 11 thru_hole circle (at 3.81 8.89 180) (size 2 2) (drill 1.1) (layers *.Cu *.Mask)
      (net 96 "Net-(C41-Pad2)"))
    (pad 12 thru_hole circle (at 3.81 6.35 180) (size 2 2) (drill 1.1) (layers *.Cu *.Mask)
      (net 109 "Net-(P1-Pad12)"))
    (pad 13 thru_hole circle (at 3.81 3.81 180) (size 2 2) (drill 1.1) (layers *.Cu *.Mask)
      (net 110 "Net-(P1-Pad13)"))
    (pad 14 thru_hole circle (at 3.81 1.27 180) (size 2 2) (drill 1.1) (layers *.Cu *.Mask)
      (net 111 "Net-(P1-Pad14)"))
    (pad 7 thru_hole circle (at 1.27 1.27 180) (size 2 2) (drill 1.1) (layers *.Cu *.Mask)
      (net 106 "Net-(P1-Pad7)"))
    (pad 6 thru_hole circle (at 1.27 3.81 180) (size 2 2) (drill 1.1) (layers *.Cu *.Mask)
      (net 105 "Net-(P1-Pad6)"))
    (pad 5 thru_hole circle (at 1.27 6.35 180) (size 2 2) (drill 1.1) (layers *.Cu *.Mask)
      (net 104 "Net-(P1-Pad5)"))
    (pad 4 thru_hole circle (at 1.27 8.89 180) (size 2 2) (drill 1.1) (layers *.Cu *.Mask)
      (net 7 "Net-(JP1-Pad1)"))
    (pad 3 thru_hole circle (at 1.27 11.43 180) (size 2 2) (drill 1.1) (layers *.Cu *.Mask)
      (net 103 "Net-(P1-Pad3)"))
    (pad 2 thru_hole circle (at 1.27 13.97 180) (size 2 2) (drill 1.1) (layers *.Cu *.Mask)
      (net 6 "Net-(JP1-Pad3)"))
    (pad 1 thru_hole rect (at 1.27 16.51 180) (size 2 2) (drill 1.1) (layers *.Cu *.Mask)
      (net 102 "Net-(P1-Pad1)"))
  )

  (module 5-pointed-Star_Footprint:Jumper_2.54 (layer B.Cu) (tedit 5EAACEF6) (tstamp 5E9FFDAC)
    (at 225.98 128.61 180)
    (path /602001EB)
    (fp_text reference JP1 (at -2.3 2.79) (layer B.SilkS)
      (effects (font (size 1 1) (thickness 0.15)) (justify mirror))
    )
    (fp_text value Jumper_3_Open (at -7.03 0.66 180) (layer B.Fab)
      (effects (font (size 1 1) (thickness 0.15)) (justify mirror))
    )
    (fp_line (start 2.6 2.8) (end 2.6 2.4) (layer B.SilkS) (width 0.12))
    (fp_line (start 7.8 2.8) (end 2.6 2.8) (layer B.SilkS) (width 0.12))
    (fp_line (start 7.8 2) (end 7.8 2.8) (layer B.SilkS) (width 0.12))
    (fp_line (start 7.6 2) (end 7.8 2) (layer B.SilkS) (width 0.12))
    (fp_line (start 7.8 0.6) (end 7.6 0.6) (layer B.SilkS) (width 0.12))
    (fp_line (start 7.8 -0.2) (end 7.8 0.6) (layer B.SilkS) (width 0.12))
    (fp_line (start 2.6 -0.2) (end 7.8 -0.2) (layer B.SilkS) (width 0.12))
    (fp_line (start 2.6 0.2) (end 2.6 -0.2) (layer B.SilkS) (width 0.12))
    (fp_line (start -0.2 -0.2) (end 0.4 -0.2) (layer B.SilkS) (width 0.12))
    (fp_line (start -0.2 0.4) (end -0.2 -0.2) (layer B.SilkS) (width 0.12))
    (fp_line (start 0 -0.6) (end 8.2 -0.6) (layer B.CrtYd) (width 0.12))
    (fp_line (start -0.6 0) (end 0 -0.6) (layer B.CrtYd) (width 0.12))
    (fp_line (start -0.6 3.2) (end -0.6 0) (layer B.CrtYd) (width 0.12))
    (fp_line (start 8.2 3.2) (end -0.6 3.2) (layer B.CrtYd) (width 0.12))
    (fp_line (start 8.2 -0.6) (end 8.2 3.2) (layer B.CrtYd) (width 0.12))
    (fp_line (start 7.62 2.54) (end 7.62 0) (layer B.Fab) (width 0.12))
    (fp_line (start 0 2.54) (end 7.62 2.54) (layer B.Fab) (width 0.12))
    (fp_line (start 0 0) (end 0 2.54) (layer B.Fab) (width 0.12))
    (fp_line (start 0 0) (end 7.62 0) (layer B.Fab) (width 0.12))
    (fp_text user %R (at -12.07 -3.69 180) (layer B.Fab)
      (effects (font (size 0.76 0.76) (thickness 0.114)) (justify mirror))
    )
    (pad 3 thru_hole circle (at 6.35 1.27 180) (size 2 2) (drill 1.1) (layers *.Cu *.Mask)
      (net 6 "Net-(JP1-Pad3)"))
    (pad 2 thru_hole circle (at 3.81 1.27 180) (size 2 2) (drill 1.1) (layers *.Cu *.Mask)
      (net 2 3.3V))
    (pad 1 thru_hole circle (at 1.27 1.27 180) (size 2 2) (drill 1.1) (layers *.Cu *.Mask)
      (net 7 "Net-(JP1-Pad1)"))
  )

  (module 5-pointed-Star_Footprint:Hohlstecker_Buchse (layer F.Cu) (tedit 5EAA905D) (tstamp 5E9FFE54)
    (at 188.39 185.43 54)
    (path /5E8C04F9)
    (fp_text reference U1 (at -4.5 -5.75 234) (layer F.SilkS)
      (effects (font (size 1 1) (thickness 0.15)))
    )
    (fp_text value Hohlstecker_Buchse (at 0 11.25 234) (layer F.Fab)
      (effects (font (size 1 1) (thickness 0.15)))
    )
    (fp_line (start 18 -8.1) (end 18 -4) (layer F.CrtYd) (width 0.12))
    (fp_line (start 3.6 -8.1) (end 18 -8.1) (layer F.CrtYd) (width 0.12))
    (fp_line (start 3.6 0.9) (end 3.6 -8.1) (layer F.CrtYd) (width 0.12))
    (fp_line (start 18 0.9) (end 3.6 0.9) (layer F.CrtYd) (width 0.12))
    (fp_line (start 18 -4) (end 18 0.9) (layer F.CrtYd) (width 0.12))
    (fp_text user %R (at -9.805636 -5.571358 324) (layer F.Fab)
      (effects (font (size 1 1) (thickness 0.15)))
    )
    (pad 3 thru_hole oval (at 10.8 2.5 324) (size 3 4.2) (drill oval 1 2.8) (layers *.Cu *.Mask)
      (net 1 GND))
    (pad 2 thru_hole oval (at 7.5 -2.5 234) (size 3 4.2) (drill oval 1 2.8) (layers *.Cu *.Mask)
      (net 1 GND))
    (pad 1 thru_hole oval (at 13.8 -2.5 234) (size 3 4.2) (drill oval 1 2.8) (layers *.Cu *.Mask)
      (net 5 5V))
  )

  (module Capacitor_SMD:C_0603_1608Metric (layer B.Cu) (tedit 5B301BBE) (tstamp 5E9FFD93)
    (at 220.5775 143.39 180)
    (descr "Capacitor SMD 0603 (1608 Metric), square (rectangular) end terminal, IPC_7351 nominal, (Body size source: http://www.tortai-tech.com/upload/download/2011102023233369053.pdf), generated with kicad-footprint-generator")
    (tags capacitor)
    (path /5FD5D0F3)
    (attr smd)
    (fp_text reference C41 (at 0 1.05) (layer B.SilkS)
      (effects (font (size 1 1) (thickness 0.15)) (justify mirror))
    )
    (fp_text value 10nF (at 0 2.5) (layer B.Fab)
      (effects (font (size 1 1) (thickness 0.15)) (justify mirror))
    )
    (fp_text user %R (at 0 0.68) (layer B.Fab)
      (effects (font (size 0.25 0.25) (thickness 0.04)) (justify mirror))
    )
    (fp_line (start 1.48 -0.73) (end -1.48 -0.73) (layer B.CrtYd) (width 0.05))
    (fp_line (start 1.48 0.73) (end 1.48 -0.73) (layer B.CrtYd) (width 0.05))
    (fp_line (start -1.48 0.73) (end 1.48 0.73) (layer B.CrtYd) (width 0.05))
    (fp_line (start -1.48 -0.73) (end -1.48 0.73) (layer B.CrtYd) (width 0.05))
    (fp_line (start -0.162779 -0.51) (end 0.162779 -0.51) (layer B.SilkS) (width 0.12))
    (fp_line (start -0.162779 0.51) (end 0.162779 0.51) (layer B.SilkS) (width 0.12))
    (fp_line (start 0.8 -0.4) (end -0.8 -0.4) (layer B.Fab) (width 0.1))
    (fp_line (start 0.8 0.4) (end 0.8 -0.4) (layer B.Fab) (width 0.1))
    (fp_line (start -0.8 0.4) (end 0.8 0.4) (layer B.Fab) (width 0.1))
    (fp_line (start -0.8 -0.4) (end -0.8 0.4) (layer B.Fab) (width 0.1))
    (pad 2 smd roundrect (at 0.7875 0 180) (size 0.875 0.95) (layers B.Cu B.Paste B.Mask) (roundrect_rratio 0.25)
      (net 96 "Net-(C41-Pad2)"))
    (pad 1 smd roundrect (at -0.7875 0 180) (size 0.875 0.95) (layers B.Cu B.Paste B.Mask) (roundrect_rratio 0.25)
      (net 1 GND))
    (model ${KISYS3DMOD}/Capacitor_SMD.3dshapes/C_0603_1608Metric.wrl
      (at (xyz 0 0 0))
      (scale (xyz 1 1 1))
      (rotate (xyz 0 0 0))
    )
  )

  (module Capacitor_SMD:C_0603_1608Metric (layer F.Cu) (tedit 5B301BBE) (tstamp 5E9FFD82)
    (at 216.24 65.83 180)
    (descr "Capacitor SMD 0603 (1608 Metric), square (rectangular) end terminal, IPC_7351 nominal, (Body size source: http://www.tortai-tech.com/upload/download/2011102023233369053.pdf), generated with kicad-footprint-generator")
    (tags capacitor)
    (path /5EB4BCD1)
    (attr smd)
    (fp_text reference C40 (at 0 -1.05) (layer F.SilkS)
      (effects (font (size 1 1) (thickness 0.15)))
    )
    (fp_text value 100n (at 0 -2.25) (layer F.Fab)
      (effects (font (size 1 1) (thickness 0.15)))
    )
    (fp_text user %R (at 0 -0.68) (layer F.Fab)
      (effects (font (size 0.25 0.25) (thickness 0.04)))
    )
    (fp_line (start 1.48 0.73) (end -1.48 0.73) (layer F.CrtYd) (width 0.05))
    (fp_line (start 1.48 -0.73) (end 1.48 0.73) (layer F.CrtYd) (width 0.05))
    (fp_line (start -1.48 -0.73) (end 1.48 -0.73) (layer F.CrtYd) (width 0.05))
    (fp_line (start -1.48 0.73) (end -1.48 -0.73) (layer F.CrtYd) (width 0.05))
    (fp_line (start -0.162779 0.51) (end 0.162779 0.51) (layer F.SilkS) (width 0.12))
    (fp_line (start -0.162779 -0.51) (end 0.162779 -0.51) (layer F.SilkS) (width 0.12))
    (fp_line (start 0.8 0.4) (end -0.8 0.4) (layer F.Fab) (width 0.1))
    (fp_line (start 0.8 -0.4) (end 0.8 0.4) (layer F.Fab) (width 0.1))
    (fp_line (start -0.8 -0.4) (end 0.8 -0.4) (layer F.Fab) (width 0.1))
    (fp_line (start -0.8 0.4) (end -0.8 -0.4) (layer F.Fab) (width 0.1))
    (pad 2 smd roundrect (at 0.7875 0 180) (size 0.875 0.95) (layers F.Cu F.Paste F.Mask) (roundrect_rratio 0.25)
      (net 1 GND))
    (pad 1 smd roundrect (at -0.7875 0 180) (size 0.875 0.95) (layers F.Cu F.Paste F.Mask) (roundrect_rratio 0.25)
      (net 5 5V))
    (model ${KISYS3DMOD}/Capacitor_SMD.3dshapes/C_0603_1608Metric.wrl
      (at (xyz 0 0 0))
      (scale (xyz 1 1 1))
      (rotate (xyz 0 0 0))
    )
  )

  (module Capacitor_SMD:C_0603_1608Metric (layer F.Cu) (tedit 5B301BBE) (tstamp 5E9FFD71)
    (at 225.3 88.61 180)
    (descr "Capacitor SMD 0603 (1608 Metric), square (rectangular) end terminal, IPC_7351 nominal, (Body size source: http://www.tortai-tech.com/upload/download/2011102023233369053.pdf), generated with kicad-footprint-generator")
    (tags capacitor)
    (path /5EB2E5A1)
    (attr smd)
    (fp_text reference C39 (at 0.13 -1.5) (layer F.SilkS)
      (effects (font (size 1 1) (thickness 0.15)))
    )
    (fp_text value 100n (at 0.25 -2.5) (layer F.Fab)
      (effects (font (size 1 1) (thickness 0.15)))
    )
    (fp_text user %R (at 0 -0.68) (layer F.Fab)
      (effects (font (size 0.25 0.25) (thickness 0.04)))
    )
    (fp_line (start 1.48 0.73) (end -1.48 0.73) (layer F.CrtYd) (width 0.05))
    (fp_line (start 1.48 -0.73) (end 1.48 0.73) (layer F.CrtYd) (width 0.05))
    (fp_line (start -1.48 -0.73) (end 1.48 -0.73) (layer F.CrtYd) (width 0.05))
    (fp_line (start -1.48 0.73) (end -1.48 -0.73) (layer F.CrtYd) (width 0.05))
    (fp_line (start -0.162779 0.51) (end 0.162779 0.51) (layer F.SilkS) (width 0.12))
    (fp_line (start -0.162779 -0.51) (end 0.162779 -0.51) (layer F.SilkS) (width 0.12))
    (fp_line (start 0.8 0.4) (end -0.8 0.4) (layer F.Fab) (width 0.1))
    (fp_line (start 0.8 -0.4) (end 0.8 0.4) (layer F.Fab) (width 0.1))
    (fp_line (start -0.8 -0.4) (end 0.8 -0.4) (layer F.Fab) (width 0.1))
    (fp_line (start -0.8 0.4) (end -0.8 -0.4) (layer F.Fab) (width 0.1))
    (pad 2 smd roundrect (at 0.7875 0 180) (size 0.875 0.95) (layers F.Cu F.Paste F.Mask) (roundrect_rratio 0.25)
      (net 1 GND))
    (pad 1 smd roundrect (at -0.7875 0 180) (size 0.875 0.95) (layers F.Cu F.Paste F.Mask) (roundrect_rratio 0.25)
      (net 5 5V))
    (model ${KISYS3DMOD}/Capacitor_SMD.3dshapes/C_0603_1608Metric.wrl
      (at (xyz 0 0 0))
      (scale (xyz 1 1 1))
      (rotate (xyz 0 0 0))
    )
  )

  (module Capacitor_SMD:C_0603_1608Metric (layer F.Cu) (tedit 5B301BBE) (tstamp 5E9FFD60)
    (at 234.51 112.73 180)
    (descr "Capacitor SMD 0603 (1608 Metric), square (rectangular) end terminal, IPC_7351 nominal, (Body size source: http://www.tortai-tech.com/upload/download/2011102023233369053.pdf), generated with kicad-footprint-generator")
    (tags capacitor)
    (path /5EB1B7BF)
    (attr smd)
    (fp_text reference C38 (at 0.18 -1.43) (layer F.SilkS)
      (effects (font (size 1 1) (thickness 0.15)))
    )
    (fp_text value 100n (at 0.25 -2.5) (layer F.Fab)
      (effects (font (size 1 1) (thickness 0.15)))
    )
    (fp_text user %R (at 0 -0.68) (layer F.Fab)
      (effects (font (size 0.25 0.25) (thickness 0.04)))
    )
    (fp_line (start 1.48 0.73) (end -1.48 0.73) (layer F.CrtYd) (width 0.05))
    (fp_line (start 1.48 -0.73) (end 1.48 0.73) (layer F.CrtYd) (width 0.05))
    (fp_line (start -1.48 -0.73) (end 1.48 -0.73) (layer F.CrtYd) (width 0.05))
    (fp_line (start -1.48 0.73) (end -1.48 -0.73) (layer F.CrtYd) (width 0.05))
    (fp_line (start -0.162779 0.51) (end 0.162779 0.51) (layer F.SilkS) (width 0.12))
    (fp_line (start -0.162779 -0.51) (end 0.162779 -0.51) (layer F.SilkS) (width 0.12))
    (fp_line (start 0.8 0.4) (end -0.8 0.4) (layer F.Fab) (width 0.1))
    (fp_line (start 0.8 -0.4) (end 0.8 0.4) (layer F.Fab) (width 0.1))
    (fp_line (start -0.8 -0.4) (end 0.8 -0.4) (layer F.Fab) (width 0.1))
    (fp_line (start -0.8 0.4) (end -0.8 -0.4) (layer F.Fab) (width 0.1))
    (pad 2 smd roundrect (at 0.7875 0 180) (size 0.875 0.95) (layers F.Cu F.Paste F.Mask) (roundrect_rratio 0.25)
      (net 1 GND))
    (pad 1 smd roundrect (at -0.7875 0 180) (size 0.875 0.95) (layers F.Cu F.Paste F.Mask) (roundrect_rratio 0.25)
      (net 5 5V))
    (model ${KISYS3DMOD}/Capacitor_SMD.3dshapes/C_0603_1608Metric.wrl
      (at (xyz 0 0 0))
      (scale (xyz 1 1 1))
      (rotate (xyz 0 0 0))
    )
  )

  (module Capacitor_SMD:C_0603_1608Metric (layer F.Cu) (tedit 5B301BBE) (tstamp 5E9FFD4F)
    (at 259.67 114.52 180)
    (descr "Capacitor SMD 0603 (1608 Metric), square (rectangular) end terminal, IPC_7351 nominal, (Body size source: http://www.tortai-tech.com/upload/download/2011102023233369053.pdf), generated with kicad-footprint-generator")
    (tags capacitor)
    (path /5EA54358)
    (attr smd)
    (fp_text reference C37 (at 3.55 -0.01) (layer F.SilkS)
      (effects (font (size 1 1) (thickness 0.15)))
    )
    (fp_text value 100n (at 2.25 -1.5) (layer F.Fab)
      (effects (font (size 1 1) (thickness 0.15)))
    )
    (fp_text user %R (at -0.07 -0.7) (layer F.Fab)
      (effects (font (size 0.25 0.25) (thickness 0.04)))
    )
    (fp_line (start 1.48 0.73) (end -1.48 0.73) (layer F.CrtYd) (width 0.05))
    (fp_line (start 1.48 -0.73) (end 1.48 0.73) (layer F.CrtYd) (width 0.05))
    (fp_line (start -1.48 -0.73) (end 1.48 -0.73) (layer F.CrtYd) (width 0.05))
    (fp_line (start -1.48 0.73) (end -1.48 -0.73) (layer F.CrtYd) (width 0.05))
    (fp_line (start -0.162779 0.51) (end 0.162779 0.51) (layer F.SilkS) (width 0.12))
    (fp_line (start -0.162779 -0.51) (end 0.162779 -0.51) (layer F.SilkS) (width 0.12))
    (fp_line (start 0.8 0.4) (end -0.8 0.4) (layer F.Fab) (width 0.1))
    (fp_line (start 0.8 -0.4) (end 0.8 0.4) (layer F.Fab) (width 0.1))
    (fp_line (start -0.8 -0.4) (end 0.8 -0.4) (layer F.Fab) (width 0.1))
    (fp_line (start -0.8 0.4) (end -0.8 -0.4) (layer F.Fab) (width 0.1))
    (pad 2 smd roundrect (at 0.7875 0 180) (size 0.875 0.95) (layers F.Cu F.Paste F.Mask) (roundrect_rratio 0.25)
      (net 1 GND))
    (pad 1 smd roundrect (at -0.7875 0 180) (size 0.875 0.95) (layers F.Cu F.Paste F.Mask) (roundrect_rratio 0.25)
      (net 5 5V))
    (model ${KISYS3DMOD}/Capacitor_SMD.3dshapes/C_0603_1608Metric.wrl
      (at (xyz 0 0 0))
      (scale (xyz 1 1 1))
      (rotate (xyz 0 0 0))
    )
  )

  (module Capacitor_SMD:C_0603_1608Metric (layer F.Cu) (tedit 5B301BBE) (tstamp 5E9FFD3E)
    (at 284.84 116.48 180)
    (descr "Capacitor SMD 0603 (1608 Metric), square (rectangular) end terminal, IPC_7351 nominal, (Body size source: http://www.tortai-tech.com/upload/download/2011102023233369053.pdf), generated with kicad-footprint-generator")
    (tags capacitor)
    (path /5EA489A7)
    (attr smd)
    (fp_text reference C36 (at 3.02 -1.1) (layer F.SilkS)
      (effects (font (size 1 1) (thickness 0.15)))
    )
    (fp_text value 100n (at 3.5 0.5) (layer F.Fab)
      (effects (font (size 1 1) (thickness 0.15)))
    )
    (fp_text user %R (at 0 -0.68) (layer F.Fab)
      (effects (font (size 0.25 0.25) (thickness 0.04)))
    )
    (fp_line (start 1.48 0.73) (end -1.48 0.73) (layer F.CrtYd) (width 0.05))
    (fp_line (start 1.48 -0.73) (end 1.48 0.73) (layer F.CrtYd) (width 0.05))
    (fp_line (start -1.48 -0.73) (end 1.48 -0.73) (layer F.CrtYd) (width 0.05))
    (fp_line (start -1.48 0.73) (end -1.48 -0.73) (layer F.CrtYd) (width 0.05))
    (fp_line (start -0.162779 0.51) (end 0.162779 0.51) (layer F.SilkS) (width 0.12))
    (fp_line (start -0.162779 -0.51) (end 0.162779 -0.51) (layer F.SilkS) (width 0.12))
    (fp_line (start 0.8 0.4) (end -0.8 0.4) (layer F.Fab) (width 0.1))
    (fp_line (start 0.8 -0.4) (end 0.8 0.4) (layer F.Fab) (width 0.1))
    (fp_line (start -0.8 -0.4) (end 0.8 -0.4) (layer F.Fab) (width 0.1))
    (fp_line (start -0.8 0.4) (end -0.8 -0.4) (layer F.Fab) (width 0.1))
    (pad 2 smd roundrect (at 0.7875 0 180) (size 0.875 0.95) (layers F.Cu F.Paste F.Mask) (roundrect_rratio 0.25)
      (net 1 GND))
    (pad 1 smd roundrect (at -0.7875 0 180) (size 0.875 0.95) (layers F.Cu F.Paste F.Mask) (roundrect_rratio 0.25)
      (net 5 5V))
    (model ${KISYS3DMOD}/Capacitor_SMD.3dshapes/C_0603_1608Metric.wrl
      (at (xyz 0 0 0))
      (scale (xyz 1 1 1))
      (rotate (xyz 0 0 0))
    )
  )

  (module Capacitor_SMD:C_0603_1608Metric (layer F.Cu) (tedit 5B301BBE) (tstamp 5E9FFD2D)
    (at 310.1 118.73 180)
    (descr "Capacitor SMD 0603 (1608 Metric), square (rectangular) end terminal, IPC_7351 nominal, (Body size source: http://www.tortai-tech.com/upload/download/2011102023233369053.pdf), generated with kicad-footprint-generator")
    (tags capacitor)
    (path /5EA3446D)
    (attr smd)
    (fp_text reference C35 (at 2.87 -1.54) (layer F.SilkS)
      (effects (font (size 1 1) (thickness 0.15)))
    )
    (fp_text value 100n (at 2.75 0.5) (layer F.Fab)
      (effects (font (size 1 1) (thickness 0.15)))
    )
    (fp_text user %R (at 0 -0.68) (layer F.Fab)
      (effects (font (size 0.25 0.25) (thickness 0.04)))
    )
    (fp_line (start 1.48 0.73) (end -1.48 0.73) (layer F.CrtYd) (width 0.05))
    (fp_line (start 1.48 -0.73) (end 1.48 0.73) (layer F.CrtYd) (width 0.05))
    (fp_line (start -1.48 -0.73) (end 1.48 -0.73) (layer F.CrtYd) (width 0.05))
    (fp_line (start -1.48 0.73) (end -1.48 -0.73) (layer F.CrtYd) (width 0.05))
    (fp_line (start -0.162779 0.51) (end 0.162779 0.51) (layer F.SilkS) (width 0.12))
    (fp_line (start -0.162779 -0.51) (end 0.162779 -0.51) (layer F.SilkS) (width 0.12))
    (fp_line (start 0.8 0.4) (end -0.8 0.4) (layer F.Fab) (width 0.1))
    (fp_line (start 0.8 -0.4) (end 0.8 0.4) (layer F.Fab) (width 0.1))
    (fp_line (start -0.8 -0.4) (end 0.8 -0.4) (layer F.Fab) (width 0.1))
    (fp_line (start -0.8 0.4) (end -0.8 -0.4) (layer F.Fab) (width 0.1))
    (pad 2 smd roundrect (at 0.7875 0 180) (size 0.875 0.95) (layers F.Cu F.Paste F.Mask) (roundrect_rratio 0.25)
      (net 1 GND))
    (pad 1 smd roundrect (at -0.7875 0 180) (size 0.875 0.95) (layers F.Cu F.Paste F.Mask) (roundrect_rratio 0.25)
      (net 5 5V))
    (model ${KISYS3DMOD}/Capacitor_SMD.3dshapes/C_0603_1608Metric.wrl
      (at (xyz 0 0 0))
      (scale (xyz 1 1 1))
      (rotate (xyz 0 0 0))
    )
  )

  (module Capacitor_SMD:C_0603_1608Metric (layer F.Cu) (tedit 5B301BBE) (tstamp 5E9FFD1C)
    (at 293.52 129.99 180)
    (descr "Capacitor SMD 0603 (1608 Metric), square (rectangular) end terminal, IPC_7351 nominal, (Body size source: http://www.tortai-tech.com/upload/download/2011102023233369053.pdf), generated with kicad-footprint-generator")
    (tags capacitor)
    (path /5E9A46E6)
    (attr smd)
    (fp_text reference C34 (at 3.12 0.4) (layer F.SilkS)
      (effects (font (size 1 1) (thickness 0.15)))
    )
    (fp_text value 100n (at 2.75 2) (layer F.Fab)
      (effects (font (size 1 1) (thickness 0.15)))
    )
    (fp_text user %R (at 0 -0.68) (layer F.Fab)
      (effects (font (size 0.25 0.25) (thickness 0.04)))
    )
    (fp_line (start 1.48 0.73) (end -1.48 0.73) (layer F.CrtYd) (width 0.05))
    (fp_line (start 1.48 -0.73) (end 1.48 0.73) (layer F.CrtYd) (width 0.05))
    (fp_line (start -1.48 -0.73) (end 1.48 -0.73) (layer F.CrtYd) (width 0.05))
    (fp_line (start -1.48 0.73) (end -1.48 -0.73) (layer F.CrtYd) (width 0.05))
    (fp_line (start -0.162779 0.51) (end 0.162779 0.51) (layer F.SilkS) (width 0.12))
    (fp_line (start -0.162779 -0.51) (end 0.162779 -0.51) (layer F.SilkS) (width 0.12))
    (fp_line (start 0.8 0.4) (end -0.8 0.4) (layer F.Fab) (width 0.1))
    (fp_line (start 0.8 -0.4) (end 0.8 0.4) (layer F.Fab) (width 0.1))
    (fp_line (start -0.8 -0.4) (end 0.8 -0.4) (layer F.Fab) (width 0.1))
    (fp_line (start -0.8 0.4) (end -0.8 -0.4) (layer F.Fab) (width 0.1))
    (pad 2 smd roundrect (at 0.7875 0 180) (size 0.875 0.95) (layers F.Cu F.Paste F.Mask) (roundrect_rratio 0.25)
      (net 1 GND))
    (pad 1 smd roundrect (at -0.7875 0 180) (size 0.875 0.95) (layers F.Cu F.Paste F.Mask) (roundrect_rratio 0.25)
      (net 5 5V))
    (model ${KISYS3DMOD}/Capacitor_SMD.3dshapes/C_0603_1608Metric.wrl
      (at (xyz 0 0 0))
      (scale (xyz 1 1 1))
      (rotate (xyz 0 0 0))
    )
  )

  (module Capacitor_SMD:C_0603_1608Metric (layer F.Cu) (tedit 5B301BBE) (tstamp 5E9FFD0B)
    (at 274.1 146.2 180)
    (descr "Capacitor SMD 0603 (1608 Metric), square (rectangular) end terminal, IPC_7351 nominal, (Body size source: http://www.tortai-tech.com/upload/download/2011102023233369053.pdf), generated with kicad-footprint-generator")
    (tags capacitor)
    (path /5EB4BCCB)
    (attr smd)
    (fp_text reference C33 (at 3 0.25) (layer F.SilkS)
      (effects (font (size 1 1) (thickness 0.15)))
    )
    (fp_text value 100n (at 1.25 2.25) (layer F.Fab)
      (effects (font (size 1 1) (thickness 0.15)))
    )
    (fp_text user %R (at 0 -0.68) (layer F.Fab)
      (effects (font (size 0.25 0.25) (thickness 0.04)))
    )
    (fp_line (start 1.48 0.73) (end -1.48 0.73) (layer F.CrtYd) (width 0.05))
    (fp_line (start 1.48 -0.73) (end 1.48 0.73) (layer F.CrtYd) (width 0.05))
    (fp_line (start -1.48 -0.73) (end 1.48 -0.73) (layer F.CrtYd) (width 0.05))
    (fp_line (start -1.48 0.73) (end -1.48 -0.73) (layer F.CrtYd) (width 0.05))
    (fp_line (start -0.162779 0.51) (end 0.162779 0.51) (layer F.SilkS) (width 0.12))
    (fp_line (start -0.162779 -0.51) (end 0.162779 -0.51) (layer F.SilkS) (width 0.12))
    (fp_line (start 0.8 0.4) (end -0.8 0.4) (layer F.Fab) (width 0.1))
    (fp_line (start 0.8 -0.4) (end 0.8 0.4) (layer F.Fab) (width 0.1))
    (fp_line (start -0.8 -0.4) (end 0.8 -0.4) (layer F.Fab) (width 0.1))
    (fp_line (start -0.8 0.4) (end -0.8 -0.4) (layer F.Fab) (width 0.1))
    (pad 2 smd roundrect (at 0.7875 0 180) (size 0.875 0.95) (layers F.Cu F.Paste F.Mask) (roundrect_rratio 0.25)
      (net 1 GND))
    (pad 1 smd roundrect (at -0.7875 0 180) (size 0.875 0.95) (layers F.Cu F.Paste F.Mask) (roundrect_rratio 0.25)
      (net 5 5V))
    (model ${KISYS3DMOD}/Capacitor_SMD.3dshapes/C_0603_1608Metric.wrl
      (at (xyz 0 0 0))
      (scale (xyz 1 1 1))
      (rotate (xyz 0 0 0))
    )
  )

  (module Capacitor_SMD:C_0603_1608Metric (layer F.Cu) (tedit 5B301BBE) (tstamp 5E9FFCFA)
    (at 253.73 162.05 90)
    (descr "Capacitor SMD 0603 (1608 Metric), square (rectangular) end terminal, IPC_7351 nominal, (Body size source: http://www.tortai-tech.com/upload/download/2011102023233369053.pdf), generated with kicad-footprint-generator")
    (tags capacitor)
    (path /5EB2E59B)
    (attr smd)
    (fp_text reference C32 (at 2.75 0 180) (layer F.SilkS)
      (effects (font (size 1 1) (thickness 0.15)))
    )
    (fp_text value 100n (at 1.25 2.5 180) (layer F.Fab)
      (effects (font (size 1 1) (thickness 0.15)))
    )
    (fp_text user %R (at 0 -0.68 90) (layer F.Fab)
      (effects (font (size 0.25 0.25) (thickness 0.04)))
    )
    (fp_line (start 1.48 0.73) (end -1.48 0.73) (layer F.CrtYd) (width 0.05))
    (fp_line (start 1.48 -0.73) (end 1.48 0.73) (layer F.CrtYd) (width 0.05))
    (fp_line (start -1.48 -0.73) (end 1.48 -0.73) (layer F.CrtYd) (width 0.05))
    (fp_line (start -1.48 0.73) (end -1.48 -0.73) (layer F.CrtYd) (width 0.05))
    (fp_line (start -0.162779 0.51) (end 0.162779 0.51) (layer F.SilkS) (width 0.12))
    (fp_line (start -0.162779 -0.51) (end 0.162779 -0.51) (layer F.SilkS) (width 0.12))
    (fp_line (start 0.8 0.4) (end -0.8 0.4) (layer F.Fab) (width 0.1))
    (fp_line (start 0.8 -0.4) (end 0.8 0.4) (layer F.Fab) (width 0.1))
    (fp_line (start -0.8 -0.4) (end 0.8 -0.4) (layer F.Fab) (width 0.1))
    (fp_line (start -0.8 0.4) (end -0.8 -0.4) (layer F.Fab) (width 0.1))
    (pad 2 smd roundrect (at 0.7875 0 90) (size 0.875 0.95) (layers F.Cu F.Paste F.Mask) (roundrect_rratio 0.25)
      (net 1 GND))
    (pad 1 smd roundrect (at -0.7875 0 90) (size 0.875 0.95) (layers F.Cu F.Paste F.Mask) (roundrect_rratio 0.25)
      (net 5 5V))
    (model ${KISYS3DMOD}/Capacitor_SMD.3dshapes/C_0603_1608Metric.wrl
      (at (xyz 0 0 0))
      (scale (xyz 1 1 1))
      (rotate (xyz 0 0 0))
    )
  )

  (module Capacitor_SMD:C_0603_1608Metric (layer F.Cu) (tedit 5B301BBE) (tstamp 5E9FFCE9)
    (at 257.67 189.11 180)
    (descr "Capacitor SMD 0603 (1608 Metric), square (rectangular) end terminal, IPC_7351 nominal, (Body size source: http://www.tortai-tech.com/upload/download/2011102023233369053.pdf), generated with kicad-footprint-generator")
    (tags capacitor)
    (path /5EB1B7B9)
    (attr smd)
    (fp_text reference C31 (at 1.55 2.935) (layer F.SilkS)
      (effects (font (size 1 1) (thickness 0.15)))
    )
    (fp_text value 100n (at 1.725 1.335) (layer F.Fab)
      (effects (font (size 1 1) (thickness 0.15)))
    )
    (fp_text user %R (at 0 -0.68) (layer F.Fab)
      (effects (font (size 0.25 0.25) (thickness 0.04)))
    )
    (fp_line (start 1.48 0.73) (end -1.48 0.73) (layer F.CrtYd) (width 0.05))
    (fp_line (start 1.48 -0.73) (end 1.48 0.73) (layer F.CrtYd) (width 0.05))
    (fp_line (start -1.48 -0.73) (end 1.48 -0.73) (layer F.CrtYd) (width 0.05))
    (fp_line (start -1.48 0.73) (end -1.48 -0.73) (layer F.CrtYd) (width 0.05))
    (fp_line (start -0.162779 0.51) (end 0.162779 0.51) (layer F.SilkS) (width 0.12))
    (fp_line (start -0.162779 -0.51) (end 0.162779 -0.51) (layer F.SilkS) (width 0.12))
